TP=204
TN=246
FP=10
FN=52
Accuracy=0.87890625
Precision=0.9532710280373832
Recall=0.796875
F1=0.8680851063829788