TP=208
TN=243
FP=13
FN=48
Accuracy=0.880859375
Precision=0.9411764705882353
Recall=0.8125
F1=0.8721174004192872