TP=209
TN=196
FP=60
FN=47
Accuracy=0.791015625
Precision=0.7769516728624535
Recall=0.81640625
F1=0.7961904761904762