TP=195
TN=244
FP=12
FN=61
Accuracy=0.857421875
Precision=0.9420289855072463
Recall=0.76171875
F1=0.8423326133909287